-6.730000000000000426e-01 -2.108881786851425329e-04
-6.720000000000000417e-01 -2.110646696161322475e-04
-6.710000000000000409e-01 -2.119542793088233408e-04
-6.700000000000000400e-01 -2.135582002695064134e-04
-6.690000000000000391e-01 -2.158758362450361650e-04
-6.680000000000000382e-01 -2.189065909822674578e-04
-6.670000000000000373e-01 -2.226516569874905944e-04
-6.660000000000000364e-01 -2.271104380075605184e-04
-6.650000000000000355e-01 -2.322823377893318481e-04
-6.640000000000000346e-01 -2.381685488390951301e-04
-6.630000000000000338e-01 -2.447684749037050910e-04
-6.620000000000000329e-01 -2.520815197300165932e-04
-6.610000000000000320e-01 -2.601088758243199663e-04
-6.600000000000000311e-01 -2.688499469334700996e-04
-6.590000000000000302e-01 -2.783041368043216658e-04
-6.580000000000000293e-01 -2.884726379431651572e-04
-6.570000000000000284e-01 -2.993548540968553546e-04
-6.560000000000000275e-01 -3.109096437983710601e-04
-6.550000000000000266e-01 -3.234732938216249194e-04
-6.540000000000000258e-01 -3.373415457266536535e-04
-6.530000000000000249e-01 -3.525155920197479173e-04
-6.520000000000000240e-01 -3.689948364477622206e-04
-6.510000000000000231e-01 -3.867792790106967262e-04
-6.500000000000000222e-01 -4.058689197085513798e-04
-6.490000000000000213e-01 -4.262637585413262898e-04
-6.480000000000000204e-01 -4.479637955090212393e-04
-6.470000000000000195e-01 -4.709690306116364996e-04
-6.460000000000000187e-01 -4.952788675960266345e-04
-6.450000000000000178e-01 -5.208944989684820281e-04
-6.440000000000000169e-01 -5.478153284758577324e-04
-6.430000000000000160e-01 -5.760413561181535304e-04
-6.420000000000000151e-01 -6.055725818953695307e-04
-6.410000000000000142e-01 -6.364525322871078614e-04
-6.400000000000000133e-01 -6.696519074138115738e-04
-6.390000000000000124e-01 -7.055642343513361843e-04
-6.380000000000000115e-01 -7.441954756311339918e-04
-6.370000000000000107e-01 -7.855396687217525891e-04
-6.360000000000000098e-01 -8.295968136231917592e-04
-6.350000000000000089e-01 -8.763728728669044517e-04
-6.340000000000000080e-01 -9.258618839214377170e-04
-6.330000000000000071e-01 -9.780638467867918805e-04
-6.320000000000000062e-01 -1.032984723994419133e-03
-6.310000000000000053e-01 -1.090618553012867283e-03
-6.300000000000000044e-01 -1.150965333842136114e-03
-6.290000000000000036e-01 -1.214031029013678143e-03
-6.280000000000000027e-01 -1.279803713464588554e-03
-6.270000000000000018e-01 -1.349338755261933996e-03
-6.260000000000000009e-01 -1.424335475869635244e-03
-6.250000000000000000e-01 -1.504770025161882669e-03
-6.239999999999999991e-01 -1.590654328201581520e-03
-6.229999999999999982e-01 -1.681976459925826114e-03
-6.219999999999999973e-01 -1.778748345397521699e-03
-6.209999999999999964e-01 -1.880958059553763896e-03
-6.199999999999999956e-01 -1.988617527457457301e-03
-6.189999999999999947e-01 -2.101714824045696883e-03
-6.179999999999999938e-01 -2.220255911849934941e-03
-6.169999999999999929e-01 -2.344240790870171908e-03
-6.159999999999999920e-01 -2.473675423637859867e-03
-6.149999999999999911e-01 -2.609996780233015626e-03
-6.139999999999999902e-01 -2.756746604338338076e-03
-6.129999999999999893e-01 -2.913751982541707732e-03
-6.120000000000000995e-01 -3.081006952311673812e-03
-6.109999999999999876e-01 -3.258511513648234149e-03
-6.100000000000000977e-01 -3.446271629082842992e-03
-6.089999999999999858e-01 -3.644287298615499909e-03
-6.080000000000000959e-01 -3.852552559714752817e-03
-6.069999999999999840e-01 -4.071067412380601283e-03
-6.060000000000000941e-01 -4.299837819144496087e-03
-6.049999999999999822e-01 -4.538857817474987316e-03
-6.040000000000000924e-01 -4.791132523224060462e-03
-6.029999999999999805e-01 -5.062362116460164367e-03
-6.020000000000000906e-01 -5.351729730374328239e-03
-6.009999999999999787e-01 -5.659247290029454508e-03
-6.000000000000000888e-01 -5.984890945299737447e-03
-5.989999999999999769e-01 -6.328690508842434864e-03
-5.980000000000000870e-01 -6.690616168000285482e-03
-5.970000000000000862e-01 -7.070727548087815326e-03
-5.960000000000000853e-01 -7.468905398475975815e-03
-5.950000000000000844e-01 -7.885268969793815530e-03
-5.940000000000000835e-01 -8.326615547897014968e-03
-5.930000000000000826e-01 -8.799980919899351786e-03
-5.920000000000000817e-01 -9.303695576994168437e-03
-5.910000000000000808e-01 -9.837640268552416342e-03
-5.900000000000000799e-01 -1.040187461988861979e-02
-5.890000000000000790e-01 -1.099645825631730134e-02
-5.880000000000000782e-01 -1.162127192720941588e-02
-5.870000000000000773e-01 -1.227637525787948596e-02
-5.860000000000000764e-01 -1.296182787364203413e-02
-5.850000000000000755e-01 -1.369056846774866984e-02
-5.840000000000000746e-01 -1.447022908045839801e-02
-5.830000000000000737e-01 -1.529770919541600764e-02
-5.820000000000000728e-01 -1.617318768856505773e-02
-5.810000000000000719e-01 -1.709648568396198234e-02
-5.800000000000000711e-01 -1.806778205755035435e-02
-5.790000000000000702e-01 -1.908695755870112171e-02
-5.780000000000000693e-01 -2.015401218741428788e-02
-5.770000000000000684e-01 -2.128760866713571773e-02
-5.760000000000000675e-01 -2.249853917979417403e-02
-5.750000000000000666e-01 -2.378149707239705576e-02
-5.740000000000000657e-01 -2.513660159557341844e-02
-5.730000000000000648e-01 -2.656367387337968400e-02
-5.720000000000000639e-01 -2.806283315644489754e-02
-5.710000000000000631e-01 -2.963407944476907294e-02
-5.700000000000000622e-01 -3.129267681887021313e-02
-5.690000000000000613e-01 -3.306641067531631423e-02
-5.680000000000000604e-01 -3.494341557651716584e-02
-5.670000000000000595e-01 -3.692375114778730788e-02
-5.660000000000000586e-01 -3.900735776381220044e-02
-5.650000000000000577e-01 -4.119429504990639035e-02
-5.640000000000000568e-01 -4.348450338075533078e-02
-5.630000000000000560e-01 -4.593033378251069887e-02
-5.620000000000000551e-01 -4.852141145044539666e-02
-5.610000000000000542e-01 -5.125386073911539914e-02
-5.600000000000000533e-01 -5.412768164852069241e-02
-5.590000000000000524e-01 -5.714287417866130425e-02
-5.580000000000000515e-01 -6.030086933708576208e-02
-5.570000000000000506e-01 -6.367506588597254824e-02
-5.560000000000000497e-01 -6.723410090988229948e-02
-5.550000000000000488e-01 -7.097797440881500886e-02
-5.540000000000000480e-01 -7.490668638277066249e-02
-5.530000000000000471e-01 -7.902083308489452063e-02
-5.520000000000000462e-01 -8.337944357656486283e-02
-5.510000000000000453e-01 -8.798609537665311175e-02
-5.500000000000000444e-01 -9.282349714394742823e-02
-5.490000000000000435e-01 -9.789284138473830499e-02
-5.480000000000000426e-01 -1.031935318458804818e-01
-5.470000000000000417e-01 -1.088197765243211629e-01
-5.460000000000000409e-01 -1.147256639278772389e-01
-5.450000000000000400e-01 -1.209094052971129429e-01
-5.440000000000000391e-01 -1.273698081257378656e-01
-5.430000000000000382e-01 -1.341724602597278715e-01
-5.420000000000000373e-01 -1.413185542053734256e-01
-5.410000000000000364e-01 -1.487830473305746803e-01
-5.400000000000000355e-01 -1.565653433821863338e-01
-5.390000000000000346e-01 -1.647459365348152294e-01
-5.380000000000000338e-01 -1.732938216249090557e-01
-5.370000000000000329e-01 -1.821928998175465497e-01
-5.360000000000000320e-01 -1.914700025042632148e-01
-5.350000000000000311e-01 -2.011734261898231457e-01
-5.340000000000000302e-01 -2.112489118380099506e-01
-5.330000000000000293e-01 -2.217089807648735256e-01
-5.320000000000000284e-01 -2.326156432975184096e-01
-5.310000000000000275e-01 -2.439021190836781483e-01
-5.300000000000000266e-01 -2.555928545023075094e-01
-5.290000000000000258e-01 -2.677105071729253827e-01
-5.280000000000000249e-01 -2.802032030718962230e-01
-5.270000000000000240e-01 -2.931192387039842084e-01
-5.260000000000000231e-01 -3.064097213112799700e-01
-5.250000000000000222e-01 -3.200847871972524739e-01
-5.240000000000000213e-01 -3.341265487675447732e-01
-5.230000000000000204e-01 -3.485212921998163682e-01
-5.220000000000000195e-01 -3.632529186591459402e-01
-5.210000000000000187e-01 -3.783041368043216779e-01
-5.200000000000000178e-01 -3.936451339780817626e-01
-5.190000000000000169e-01 -4.092681588895381584e-01
-5.180000000000000160e-01 -4.251332625779601360e-01
-5.170000000000000151e-01 -4.412177874238287223e-01
-5.160000000000000142e-01 -4.576266739807052231e-01
-5.150000000000000133e-01 -4.741840275707453478e-01
-5.140000000000000124e-01 -4.908791156373349951e-01
-5.130000000000000115e-01 -5.076731817260335955e-01
-5.120000000000000107e-01 -5.245197180915129875e-01
-5.110000000000000098e-01 -5.414097809365944203e-01
-5.100000000000000089e-01 -5.582718198838498846e-01
-5.090000000000001190e-01 -5.751195487556197694e-01
-5.080000000000000071e-01 -5.918641258332638655e-01
-5.070000000000000062e-01 -6.085299974957367741e-01
-5.060000000000000053e-01 -6.250342845558510829e-01
-5.050000000000000044e-01 -6.413835457982041133e-01
-5.040000000000000036e-01 -6.575300809711771555e-01
-5.030000000000000027e-01 -6.733606019771753992e-01
-5.020000000000000018e-01 -6.888631837532942503e-01
-5.010000000000001119e-01 -7.041034141455095874e-01
-5.000000000000000000e-01 -7.190216678392978844e-01
-4.990000000000000546e-01 -7.336358324290160882e-01
-4.980000000000000537e-01 -7.479041701944977305e-01
-4.969999999999999973e-01 -7.618326436671953861e-01
-4.960000000000000520e-01 -7.754033652527516640e-01
-4.949999999999999956e-01 -7.885865222939051344e-01
-4.940000000000000502e-01 -8.014000023850126331e-01
-4.930000000000000493e-01 -8.138020678059076918e-01
-4.919999999999999929e-01 -8.258225312138521845e-01
-4.910000000000000475e-01 -8.374136923572271796e-01
-4.900000000000000466e-01 -8.486053638932945509e-01
-4.890000000000000457e-01 -8.593736956962447771e-01
-4.880000000000000449e-01 -8.697246502975303217e-01
-4.869999999999999885e-01 -8.796701527600557791e-01
-4.860000000000000431e-01 -8.891744278951071445e-01
-4.850000000000000422e-01 -8.982792134228507752e-01
-4.840000000000000968e-01 -9.069427716231203140e-01
-4.830000000000000404e-01 -9.152008776846297655e-01
-4.820000000000000395e-01 -9.230356440130221829e-01
-4.810000000000000386e-01 -9.304589956712021603e-01
-4.800000000000000377e-01 -9.374768951906221615e-01
-4.790000000000000924e-01 -9.440714549769250175e-01
-4.780000000000000360e-01 -9.502724876873726023e-01
-4.770000000000000351e-01 -9.560442181332506895e-01
-4.760000000000000897e-01 -9.614343465661780996e-01
-4.750000000000000333e-01 -9.664070977974409393e-01
-4.740000000000000879e-01 -9.709922844843006384e-01
-4.730000000000000315e-01 -9.751779815638527138e-01
-4.720000000000000306e-01 -9.789582265046448128e-01
-4.710000000000000853e-01 -9.823687944953909401e-01
-4.700000000000000289e-01 -9.853560227530200333e-01
-4.690000000000000835e-01 -9.879735740606031547e-01
-4.680000000000000826e-01 -9.901797106979739471e-01
-4.670000000000000262e-01 -9.920102078538464152e-01
-4.660000000000000808e-01 -9.934471779338636122e-01
-4.650000000000000244e-01 -9.944846584065730744e-01
-4.640000000000000790e-01 -9.951405368663319706e-01
-4.630000000000000782e-01 -9.953850006558784269e-01
-4.620000000000000218e-01 -9.952538249639266699e-01
-4.610000000000000764e-01 -9.946993095388577677e-01
-4.600000000000000755e-01 -9.937572295693859470e-01
-4.590000000000000746e-01 -9.924037349297017974e-01
-4.580000000000000737e-01 -9.906388256198050968e-01
-4.570000000000000173e-01 -9.884744267026008835e-01
-4.560000000000000719e-01 -9.858628379264701147e-01
-4.550000000000000711e-01 -9.828577220744839638e-01
-4.540000000000000702e-01 -9.793875287692143106e-01
-4.530000000000000693e-01 -9.754999582622798648e-01
-4.520000000000000684e-01 -9.711592353649665110e-01
-4.510000000000000675e-01 -9.663534350143696550e-01
-4.500000000000000666e-01 -9.611004448048463544e-01
-4.490000000000000657e-01 -9.553525644847776777e-01
-4.480000000000000648e-01 -9.491455692428777402e-01
-4.470000000000000639e-01 -9.424079087017184220e-01
-4.460000000000000631e-01 -9.351872831129184327e-01
-4.450000000000000622e-01 -9.274300296934065990e-01
-4.440000000000000613e-01 -9.191421109746353846e-01
-4.430000000000000604e-01 -9.103175644251523257e-01
-4.420000000000000595e-01 -9.009027272618863602e-01
-4.410000000000000586e-01 -8.909452997364560867e-01
-4.400000000000000577e-01 -8.803498813456240857e-01
-4.390000000000000568e-01 -8.691760974039137722e-01
-4.380000000000000560e-01 -8.573523975338970260e-01
-4.370000000000000551e-01 -8.448907067984783303e-01
-4.360000000000000542e-01 -8.317671750718484969e-01
-4.350000000000000533e-01 -8.179460271652932990e-01
-4.340000000000000524e-01 -8.034570757360744997e-01
-4.330000000000000515e-01 -7.882108828124068101e-01
-4.320000000000000506e-01 -7.722551486459091619e-01
-4.310000000000000497e-01 -7.555242853906053435e-01
-4.300000000000000488e-01 -7.380361806408528569e-01
-4.290000000000000480e-01 -7.197610217393897170e-01
-4.280000000000000471e-01 -7.006749585604064023e-01
-4.270000000000000462e-01 -6.807958786982600818e-01
-4.260000000000000453e-01 -6.600581943069749880e-01
-4.250000000000000444e-01 -6.385155681696220720e-01
-4.240000000000000435e-01 -6.160964499087733248e-01
-4.230000000000000426e-01 -5.928527135480639032e-01
-4.220000000000000417e-01 -5.687420251141824812e-01
-4.210000000000000409e-01 -5.437930047581001070e-01
-4.200000000000000400e-01 -5.180044599735262878e-01
-4.190000000000000391e-01 -4.913722169884446322e-01
-4.180000000000000382e-01 -4.639433798013284926e-01
-4.170000000000000373e-01 -4.356630931228162584e-01
-4.160000000000000364e-01 -4.066351050001789091e-01
-4.150000000000000355e-01 -3.767163146785599825e-01
-4.140000000000000346e-01 -3.459150697019926501e-01
-4.130000000000000338e-01 -3.144549649999403562e-01
-4.120000000000000329e-01 -2.823664094828099991e-01
-4.110000000000000320e-01 -2.496672907449586643e-01
-4.100000000000000311e-01 -2.164971320223714191e-01
-4.090000000000000302e-01 -1.828004817725413511e-01
-4.080000000000000293e-01 -1.487741035333961515e-01
-4.070000000000000284e-01 -1.143565832309765551e-01
-4.060000000000000275e-01 -7.973454809974123147e-02
-4.050000000000000266e-01 -4.488778515806670505e-02
-4.040000000000000813e-01 -9.968219707358956516e-03
-4.030000000000000249e-01 2.499809198993524495e-02
-4.020000000000000240e-01 5.990793851437566098e-02
-4.010000000000000231e-01 9.468082569135552462e-02
-4.000000000000000222e-01 1.292652968744409936e-01
-3.990000000000000768e-01 1.635426976877303040e-01
-3.980000000000000204e-01 1.975022955746091324e-01
-3.970000000000000195e-01 2.310027785396568112e-01
-3.960000000000000742e-01 2.640644191898112725e-01
-3.950000000000000178e-01 2.965298066947302802e-01
-3.940000000000000724e-01 3.284502188249043275e-01
-3.930000000000000160e-01 3.596736110282982013e-01
-3.920000000000000151e-01 3.902458947970950387e-01
-3.910000000000000697e-01 4.200627258308787249e-01
-3.900000000000000133e-01 4.491175453450517163e-01
-3.890000000000000679e-01 4.773918694921115979e-01
-3.880000000000000671e-01 5.046931085061474587e-01
-3.870000000000000107e-01 5.310463050192589796e-01
-3.860000000000000653e-01 5.565921747737219150e-01
-3.850000000000000089e-01 5.812251809628296018e-01
-3.840000000000000635e-01 6.050419165961100632e-01
-3.830000000000000626e-01 6.279797750933135969e-01
-3.820000000000000062e-01 6.500769166557354151e-01
-3.810000000000000608e-01 6.713333412833752956e-01
-3.800000000000000600e-01 6.917371239133286442e-01
-3.790000000000000591e-01 7.113359647972142819e-01
-3.780000000000000582e-01 7.300881262148657402e-01
-3.770000000000000018e-01 7.480711210751636031e-01
-3.760000000000000564e-01 7.652312865950369192e-01
-3.750000000000000555e-01 7.816461356833657170e-01
-3.740000000000000546e-01 7.972977807457934940e-01
-3.730000000000000537e-01 8.122041093766769748e-01
-3.720000000000000528e-01 8.264068592961827386e-01
-3.710000000000000520e-01 8.398821803785014861e-01
-3.700000000000000511e-01 8.527075855325136899e-01
-3.690000000000000502e-01 8.648234494436958242e-01
-3.680000000000000493e-01 8.763192100838331777e-01
-3.670000000000000484e-01 8.871650547956640986e-01
-3.660000000000000475e-01 8.974027212993548330e-01
-3.650000000000000466e-01 9.070381721263579555e-01
-3.640000000000000457e-01 9.160773698081257077e-01
-3.630000000000000449e-01 9.245680145962770213e-01
-3.620000000000000440e-01 9.324624062391929646e-01
-3.610000000000000431e-01 9.398440201772064739e-01
-3.600000000000000422e-01 9.466711186901510811e-01
-3.590000000000000413e-01 9.529854394981933652e-01
-3.580000000000000404e-01 9.587929451327855679e-01
-3.570000000000000395e-01 9.640876730624754476e-01
-3.560000000000000386e-01 9.689113610074293614e-01
-3.550000000000000377e-01 9.732163087160284887e-01
-3.540000000000000369e-01 9.770800290971535240e-01
-3.530000000000000360e-01 9.804428968362808305e-01
-3.520000000000000351e-01 9.833645372479339342e-01
-3.510000000000000342e-01 9.858151376748512940e-01
-3.500000000000000888e-01 9.878125857113896346e-01
-3.490000000000000324e-01 9.893688064204538835e-01
-3.480000000000000315e-01 9.904539871447821664e-01
-3.470000000000000306e-01 9.911158281359934152e-01
-3.460000000000000298e-01 9.913125916739210508e-01
-3.450000000000000844e-01 9.910740904158269471e-01
-3.440000000000000835e-01 9.903883992988062879e-01
-3.430000000000000271e-01 9.892555183228591842e-01
-3.420000000000000262e-01 9.876814100194378776e-01
-3.410000000000000253e-01 9.856362617312806051e-01
-3.400000000000000799e-01 9.831618111785539460e-01
-3.390000000000000790e-01 9.801984330467343742e-01
-3.380000000000000226e-01 9.767878650559881359e-01
-3.370000000000000218e-01 9.729002945490538012e-01
-3.360000000000000209e-01 9.685357215259310371e-01
-3.350000000000000755e-01 9.636941459866200654e-01
-3.340000000000000746e-01 9.583457552738591234e-01
-3.330000000000000182e-01 9.525203620449097519e-01
-3.320000000000000173e-01 9.461464159223439419e-01
-3.310000000000000164e-01 9.392716171577805140e-01
-3.300000000000000711e-01 9.318542280310528891e-01
-3.290000000000000702e-01 9.238942485421610673e-01
-3.280000000000000693e-01 9.153797536282003433e-01
-3.270000000000000129e-01 9.062749681004567126e-01
-3.260000000000000120e-01 8.966156671476441797e-01
-3.250000000000000666e-01 8.863064502665252142e-01
-3.240000000000000657e-01 8.754129053030754726e-01
-3.230000000000000648e-01 8.638634818798669457e-01
-3.220000000000000084e-01 8.516701050598042277e-01
-3.210000000000000075e-01 8.388148872485302610e-01
-3.200000000000000622e-01 8.252501281944262246e-01
-3.190000000000000613e-01 8.110116030862062342e-01
-3.180000000000000604e-01 7.960158364835374645e-01
-3.170000000000000040e-01 7.803045661065862726e-01
-3.160000000000000031e-01 7.638122041093766690e-01
-3.150000000000000577e-01 7.465685631491705276e-01
-3.140000000000000568e-01 7.285259429743491388e-01
-3.130000000000000560e-01 7.096664559905553338e-01
-3.120000000000000551e-01 6.900139523235985228e-01
-3.109999999999999987e-01 6.694968815960504749e-01
-3.100000000000000533e-01 6.481748691224346048e-01
-3.090000000000000524e-01 6.259644394624181984e-01
-3.080000000000000515e-01 6.029311804619769122e-01
-3.070000000000000506e-01 5.790202368317493020e-01
-3.059999999999999942e-01 5.542608249758517180e-01
-3.050000000000000488e-01 5.286595036788818147e-01
-3.040000000000000480e-01 5.021960003339017709e-01
-3.030000000000000471e-01 4.749335177743062575e-01
-3.020000000000000462e-01 4.467993131163767173e-01
-3.009999999999999898e-01 4.179096557234338594e-01
-3.000000000000000444e-01 3.881244261063476753e-01
-2.990000000000000435e-01 3.574328917085037860e-01
-2.980000000000000426e-01 3.260586474593653583e-01
-2.970000000000000417e-01 2.940452198385346549e-01
-2.960000000000000409e-01 2.613914163397211832e-01
-2.950000000000000955e-01 2.282546477932671236e-01
-2.940000000000000391e-01 1.945669413406155290e-01
-2.930000000000000382e-01 1.605244642665490107e-01
-2.920000000000000373e-01 1.260663987502534111e-01
-2.910000000000000364e-01 9.138175703876838529e-02
-2.900000000000000910e-01 5.644603312782474347e-02
-2.890000000000000346e-01 2.141025793911062805e-02
-2.880000000000000338e-01 -1.369092621963581037e-02
-2.870000000000000329e-01 -4.876271509832214718e-02
-2.860000000000000320e-01 -8.371751910991330481e-02
-2.850000000000000866e-01 -1.185136601595573325e-01
-2.840000000000000302e-01 -1.530206184337622455e-01
-2.830000000000000293e-01 -1.872312388947851569e-01
-2.820000000000000284e-01 -2.209976507626077447e-01
-2.810000000000000275e-01 -2.543460891756204045e-01
-2.800000000000000822e-01 -2.871143732783190128e-01
-2.790000000000000813e-01 -3.193519920817581847e-01
-2.780000000000000249e-01 -3.509051122744672457e-01
-2.770000000000000240e-01 -3.818124903108864321e-01
-2.760000000000000231e-01 -4.119805144472136749e-01
-2.750000000000000777e-01 -4.413835457982040467e-01
-2.740000000000000768e-01 -4.700209881107123011e-01
-2.730000000000000204e-01 -4.976895190622130372e-01
-2.720000000000000195e-01 -5.243998712093207448e-01
-2.710000000000000187e-01 -5.503106478886676811e-01
-2.700000000000000733e-01 -5.753008097117712216e-01
-2.690000000000000724e-01 -5.994729122196119642e-01
-2.680000000000000160e-01 -6.227625600725044119e-01
-2.670000000000000151e-01 -6.452114909906150331e-01
-2.660000000000000142e-01 -6.668077799110390114e-01
-2.650000000000000688e-01 -6.875514268337765689e-01
-2.640000000000000679e-01 -7.074841694789939517e-01
-2.630000000000000671e-01 -7.265583075950725611e-01
-2.620000000000000107e-01 -7.448573166223452224e-01
-2.610000000000000098e-01 -7.623275337777406513e-01
-2.600000000000000644e-01 -7.790405094386873008e-01
-2.590000000000000635e-01 -7.949783560108280023e-01
-2.580000000000000626e-01 -8.101708861514244076e-01
-2.570000000000000062e-01 -8.246538750491908543e-01
-2.560000000000000053e-01 -8.383915475154131158e-01
-2.550000000000000600e-01 -8.514793040533288337e-01
-2.540000000000000591e-01 -8.638455942855098879e-01
-2.530000000000000582e-01 -8.755858187151936978e-01
-2.520000000000000018e-01 -8.866701646851187224e-01
-2.510000000000000009e-01 -8.971284448525466138e-01
-2.500000000000000555e-01 -9.069904718747391348e-01
-2.490000000000000546e-01 -9.162443206887916913e-01
-2.480000000000000537e-01 -9.249436540777752347e-01
-2.470000000000000528e-01 -9.330407717900711662e-01
-2.459999999999999964e-01 -9.406191492660124220e-01
-2.450000000000000511e-01 -9.476370487854323121e-01
-2.440000000000000502e-01 -9.541421705999498792e-01
-2.430000000000000493e-01 -9.601285521781127708e-01
-2.420000000000000484e-01 -9.655961935199208757e-01
-2.409999999999999920e-01 -9.705927948769930147e-01
-2.400000000000000466e-01 -9.750706559977103671e-01
-2.390000000000000457e-01 -9.790894021965965699e-01
-2.380000000000000449e-01 -9.826192208163898600e-01
-2.370000000000000440e-01 -9.856899245143517785e-01
-2.359999999999999876e-01 -9.883015132904826583e-01
-2.350000000000000977e-01 -9.904480246133298138e-01
-2.340000000000000413e-01 -9.921533086087028774e-01
-2.330000000000000404e-01 -9.933875526193400862e-01
-2.320000000000000395e-01 -9.941924943654077973e-01
-2.310000000000000386e-01 -9.945323586581918951e-01
-2.300000000000000933e-01 -9.944369581549542536e-01
-2.290000000000000369e-01 -9.938884052613377040e-01
-2.280000000000000360e-01 -9.928866999773423574e-01
-2.270000000000000351e-01 -9.914556924287775130e-01
-2.260000000000000342e-01 -9.895476823640244612e-01
-2.250000000000000888e-01 -9.872103700347019117e-01
-2.240000000000000324e-01 -9.843841301262864496e-01
-2.230000000000000315e-01 -9.811107003589444320e-01
-2.220000000000000306e-01 -9.773602680754140959e-01
-2.210000000000000298e-01 -9.731328332756955524e-01
-2.200000000000000844e-01 -9.684343584912410430e-01
-2.190000000000000835e-01 -9.632231060018842106e-01
-2.180000000000000271e-01 -9.575408135277914123e-01
-2.170000000000000262e-01 -9.513099681600820645e-01
-2.160000000000000253e-01 -9.445842326818274515e-01
-2.150000000000000799e-01 -9.373159068414086414e-01
-2.140000000000000790e-01 -9.295049906388256344e-01
-2.130000000000000226e-01 -9.211455215426261889e-01
-2.120000000000000218e-01 -9.121957618326437256e-01
-2.110000000000000209e-01 -9.026914866975923601e-01
-2.100000000000000755e-01 -8.925432581656868036e-01
-2.090000000000000746e-01 -8.818107015514506930e-01
-2.080000000000000182e-01 -8.704341915403603913e-01
-2.070000000000000173e-01 -8.584077656009635460e-01
-2.060000000000000164e-01 -8.457254612018078044e-01
-2.050000000000000711e-01 -8.323395780912744568e-01
-2.040000000000000702e-01 -8.182918539895297494e-01
-2.030000000000000693e-01 -8.034749633304315575e-01
-2.020000000000000129e-01 -7.879544939599556486e-01
-2.010000000000000120e-01 -7.716529329692214390e-01
-2.000000000000000666e-01 -7.546000930154906916e-01
-1.990000000000000657e-01 -7.367601989100492910e-01
-1.980000000000000648e-01 -7.181034379956354741e-01
-1.970000000000000084e-01 -6.986536603980586513e-01
-1.960000000000000075e-01 -6.783393157398904805e-01
-1.950000000000000622e-01 -6.572200293356547096e-01
-1.940000000000000613e-01 -6.352123257450182914e-01
-1.930000000000000604e-01 -6.123817928139571043e-01
-1.920000000000000040e-01 -5.886753640125451659e-01
-1.910000000000000031e-01 -5.641145044540110121e-01
-1.900000000000000577e-01 -5.387087541886783626e-01
-1.890000000000000568e-01 -5.124336668375926163e-01
-1.880000000000000560e-01 -4.853560227530200333e-01
-1.870000000000000551e-01 -4.573995015323705782e-01
-1.859999999999999987e-01 -4.286750062606579648e-01
-1.850000000000000533e-01 -3.990537462585114770e-01
-1.840000000000000524e-01 -3.685106788938311562e-01
-1.830000000000000515e-01 -3.372658215772088575e-01
-1.820000000000000506e-01 -3.053674708134085369e-01
-1.809999999999999942e-01 -2.728096640709779530e-01
-1.800000000000000488e-01 -2.397533896991306535e-01
-1.790000000000000480e-01 -2.061276935735835980e-01
-1.780000000000000471e-01 -1.721221841945216324e-01
-1.770000000000000462e-01 -1.376820062725830907e-01
-1.759999999999999898e-01 -1.029896132702100148e-01
-1.750000000000000444e-01 -6.802592508675482652e-02
-1.740000000000000435e-01 -3.293744112000190905e-02
-1.730000000000000426e-01 2.240266167404033216e-03
-1.720000000000000417e-01 3.741583886855003038e-02
-1.710000000000000409e-01 7.249305365085800812e-02
-1.700000000000000400e-01 1.074358729742299345e-01
-1.690000000000000391e-01 1.421091858759555016e-01
-1.680000000000000382e-01 1.765117998497442164e-01
-1.670000000000000373e-01 2.104857078121086800e-01
-1.660000000000000364e-01 2.440613186734560125e-01
-1.650000000000000355e-01 2.770746628188463512e-01
-1.640000000000000346e-01 3.095698629810272329e-01
-1.630000000000000338e-01 3.414014333925611266e-01
-1.620000000000000329e-01 3.725902429135313776e-01
-1.610000000000000320e-01 4.030540086098954311e-01
-1.600000000000000311e-01 4.327593403055201571e-01
-1.590000000000000302e-01 4.617074305066959372e-01
-1.580000000000000293e-01 4.896997269160595079e-01
-1.570000000000000284e-01 5.167231119644155601e-01
-1.560000000000000275e-01 5.429528840764634712e-01
-1.550000000000000266e-01 5.682602525728324139e-01
-1.540000000000000258e-01 5.927447917287763657e-01
-1.530000000000000249e-01 6.163588012926768389e-01
-1.520000000000000240e-01 6.391118213148574423e-01
-1.510000000000000231e-01 6.610241244022562190e-01
-1.500000000000000222e-01 6.820658978976114062e-01
-1.490000000000000213e-01 7.023027296468988823e-01
-1.480000000000000204e-01 7.216690318041427687e-01
-1.470000000000000195e-01 7.402542423411283545e-01
-1.460000000000000187e-01 7.580046984747843553e-01
-1.450000000000000178e-01 7.749919505825394461e-01
-1.440000000000000169e-01 7.912040736014882558e-01
-1.430000000000000160e-01 8.066529925945359336e-01
-1.420000000000000151e-01 8.213923703447535418e-01
-1.410000000000000142e-01 8.353804691319747233e-01
-1.400000000000001243e-01 8.487007643965321924e-01
-1.390000000000000124e-01 8.613055558868073502e-01
-1.380000000000000115e-01 8.732663939802282060e-01
-1.370000000000000107e-01 8.845713536138902766e-01
-1.360000000000000098e-01 8.952502474450553249e-01
-1.350000000000001199e-01 9.053209630680801867e-01
-1.340000000000000080e-01 9.147715754200603788e-01
-1.330000000000000071e-01 9.236676723469716688e-01
-1.320000000000000062e-01 9.319615535971952358e-01
-1.310000000000000053e-01 9.397188070167070695e-01
-1.300000000000001155e-01 9.469215450111498900e-01
-1.290000000000000036e-01 9.535995802377857933e-01
-1.280000000000000027e-01 9.597588752280667990e-01
-1.270000000000000018e-01 9.653934674505407765e-01
-1.260000000000000009e-01 9.705629822197312517e-01
-1.250000000000001110e-01 9.751958691582097716e-01
-1.240000000000001101e-01 9.793756037063096054e-01
-1.229999999999999982e-01 9.830604481438639519e-01
-1.219999999999999973e-01 9.862861776595871488e-01
-1.209999999999999964e-01 9.890468297220268434e-01
-1.200000000000001066e-01 9.913364417997304612e-01
-1.190000000000001057e-01 9.931967516128648032e-01
-1.179999999999999938e-01 9.945681338469060107e-01
-1.169999999999999929e-01 9.955161763478302950e-01
-1.159999999999999920e-01 9.959991413954708550e-01
-1.150000000000001021e-01 9.960468416470896758e-01
-1.140000000000001013e-01 9.956413895083296994e-01
-1.129999999999999893e-01 9.947827849791908150e-01
-1.119999999999999885e-01 9.934889156540300803e-01
-1.109999999999999876e-01 9.917180438126811381e-01
-1.100000000000000977e-01 9.895238322382150509e-01
-1.090000000000000968e-01 9.868406930846560510e-01
-1.080000000000000959e-01 9.837103640721704956e-01
-1.069999999999999840e-01 9.801089950749489743e-01
-1.059999999999999831e-01 9.760246610300868930e-01
-1.050000000000000933e-01 9.714752495319413095e-01
-1.040000000000000924e-01 9.664130603288932919e-01
-1.030000000000000915e-01 9.608798311411093085e-01
-1.019999999999999796e-01 9.548040115911611281e-01
-1.009999999999999787e-01 9.482333019306676825e-01
-1.000000000000000888e-01 9.411259644394623924e-01
-9.900000000000008793e-02 9.334760365860930165e-01
-9.800000000000008704e-02 9.252835183705594435e-01
-9.699999999999997513e-02 9.165007095412428528e-01
-9.599999999999997424e-02 9.071693478183097126e-01
-9.500000000000008438e-02 8.972059577614271975e-01
-9.400000000000008349e-02 8.866522770907616646e-01
-9.300000000000008260e-02 8.754606055546942933e-01
-9.200000000000008171e-02 8.636309431532250835e-01
-9.099999999999996980e-02 8.511454022919970885e-01
-9.000000000000007994e-02 8.379562827193913765e-01
-8.900000000000007905e-02 8.241112846870267683e-01
-8.800000000000007816e-02 8.095030826287609171e-01
-8.700000000000007727e-02 7.941972643905697016e-01
-8.599999999999996536e-02 7.781222795950248905e-01
-8.500000000000007550e-02 7.612900533050310781e-01
-8.400000000000007461e-02 7.436767353947791870e-01
-8.300000000000007372e-02 7.252465506755547686e-01
-8.200000000000007283e-02 7.060412368675245132e-01
-8.099999999999996092e-02 6.859594309359982045e-01
-8.000000000000007105e-02 6.650786457898565374e-01
-7.900000000000007017e-02 6.433213685202189280e-01
-7.800000000000006928e-02 6.207293368472518447e-01
-7.700000000000006839e-02 5.972667755822411717e-01
-7.600000000000006750e-02 5.729456097880916143e-01
-7.500000000000006661e-02 5.477855158185959139e-01
-7.400000000000006573e-02 5.217441597004424114e-01
-7.300000000000006484e-02 4.948990543425116351e-01
-7.200000000000006395e-02 4.671708980764873731e-01
-7.100000000000006306e-02 4.386634389496404385e-01
-7.000000000000006217e-02 4.092645813706667912e-01
-6.900000000000006128e-02 3.789218550627854176e-01
-6.800000000000006040e-02 3.478606437148956121e-01
-6.700000000000005951e-02 3.161435539072468548e-01
-6.600000000000005862e-02 2.837401767294323029e-01
-6.500000000000005773e-02 2.508287918718771214e-01
-6.400000000000005684e-02 2.173259238942485405e-01
-6.300000000000005596e-02 1.834247588156027453e-01
-6.200000000000005507e-02 1.490668638277067026e-01
-6.100000000000005418e-02 1.144317111272761950e-01
-6.000000000000005329e-02 7.950976066398750264e-02
-5.900000000000005240e-02 4.443165150196166924e-02
-5.800000000000005151e-02 9.246037897849911091e-03
-5.700000000000005063e-02 -2.596479721430530394e-02
-5.600000000000004974e-02 -6.109567477968446542e-02
-5.500000000000004885e-02 -9.611898827766315878e-02
-5.400000000000004796e-02 -1.308942604672239940e-01
-5.300000000000004707e-02 -1.654232801078025783e-01
-5.200000000000004619e-02 -1.995420775844592709e-01
-5.100000000000004530e-02 -2.332846393264724760e-01
-5.000000000000004441e-02 -2.664810331874500338e-01
-4.900000000000004352e-02 -2.991747856469942901e-01
-4.800000000000004263e-02 -3.312227959502486718e-01
-4.700000000000004174e-02 -3.626381816664082658e-01
-4.600000000000004086e-02 -3.933440261397378457e-01
-4.500000000000003997e-02 -4.232956103843448226e-01
-4.400000000000003908e-02 -4.525048594631336241e-01
-4.300000000000003819e-02 -4.807702398130150878e-01
-4.200000000000003730e-02 -5.080625350298723086e-01
-4.100000000000003642e-02 -5.345641985761474535e-01
-4.000000000000003553e-02 -5.601470360256149972e-01
-3.900000000000003464e-02 -5.849052553752220884e-01
-3.800000000000003375e-02 -6.087923488796402882e-01
-3.700000000000003286e-02 -6.318256078800815745e-01
-3.600000000000003197e-02 -6.540121874142885705e-01
-3.500000000000003109e-02 -6.753222748249997354e-01
-3.400000000000003020e-02 -6.958274204896430781e-01
-3.300000000000002931e-02 -7.154501114993381261e-01
-3.200000000000013944e-02 -7.342976734202273370e-01
-3.100000000000002753e-02 -7.523045184063346102e-01
-3.000000000000002665e-02 -7.695362343036360464e-01
-2.900000000000002576e-02 -7.859928211121314234e-01
-2.800000000000002487e-02 -8.016742788318208524e-01
-2.700000000000013500e-02 -8.166461953086802117e-01
-2.600000000000002309e-02 -8.308608702910907917e-01
-2.500000000000002220e-02 -8.443958166879330651e-01
-2.400000000000002132e-02 -8.572152593104929164e-01
-2.300000000000002043e-02 -8.693907485361985765e-01
-2.200000000000013056e-02 -8.808984342392406353e-01
-2.100000000000001865e-02 -8.917681290768808555e-01
-2.000000000000001776e-02 -9.020356082378334639e-01
-1.900000000000001688e-02 -9.116710590648365864e-01
-1.800000000000001599e-02 -9.207519944667708067e-01
-1.700000000000012612e-02 -9.292247516605650626e-01
-1.600000000000001421e-02 -9.371549184921950104e-01
-1.500000000000012434e-02 -9.445305698987561671e-01
-1.400000000000001243e-02 -9.513695934746055904e-01
-1.300000000000001155e-02 -9.577018018770049324e-01
-1.200000000000012168e-02 -9.634914199172400773e-01
-1.100000000000000977e-02 -9.688159605041917199e-01
-1.000000000000011990e-02 -9.736038732604314072e-01
-9.000000000000007994e-03 -9.779326710948400558e-01
-8.000000000000007105e-03 -9.817725413501556808e-01
-7.000000000000117240e-03 -9.851413716207353399e-01
-6.000000000000005329e-03 -9.880510869694837384e-01
-5.000000000000115463e-03 -9.904837998020439294e-01
-4.000000000000003553e-03 -9.924872103700347337e-01
-3.000000000000002665e-03 -9.940016933589325143e-01
-2.000000000000112799e-03 -9.950987991461655024e-01
-1.000000000000000888e-03 -9.957189024172102831e-01
-1.110223024625156540e-16 -9.959097034236855661e-01
1.000000000000000888e-03 -9.956473520397820520e-01
2.000000000000001776e-03 -9.949318482654996298e-01
2.999999999999891642e-03 -9.937810796951953574e-01
4.000000000000003553e-03 -9.921533086087028774e-01
4.999999999999893419e-03 -9.901021977890933634e-01
6.000000000000005329e-03 -9.875681219218431783e-01
7.000000000000006217e-03 -9.845868561956664378e-01
7.999999999999896083e-03 -9.811345504847538423e-01
9.000000000000007994e-03 -9.772052422576529285e-01
9.999999999999897859e-03 -9.728108565772684013e-01
1.100000000000000977e-02 -9.679036931919815512e-01
1.200000000000001066e-02 -9.625254898219588462e-01
1.299999999999990052e-02 -9.566225836841288910e-01
1.400000000000001243e-02 -9.502128623728490764e-01
1.499999999999990230e-02 -9.432784382937620116e-01
1.600000000000001421e-02 -9.358014238525108608e-01
1.699999999999990408e-02 -9.277937441120002182e-01
1.799999999999990496e-02 -9.191898112262542053e-01
1.900000000000001688e-02 -9.100492505097964591e-01
1.999999999999990674e-02 -9.002766614593892269e-01
2.100000000000001865e-02 -8.899257068581036823e-01
2.199999999999990852e-02 -8.789367613914162991e-01
2.299999999999990941e-02 -8.673098250593271885e-01
2.400000000000002132e-02 -8.550448978618362394e-01
2.499999999999991118e-02 -8.420763919529675734e-01
2.600000000000002309e-02 -8.284579701157923637e-01
2.699999999999991296e-02 -8.140823067841682636e-01
2.799999999999991385e-02 -7.990149898040712628e-01
2.900000000000002576e-02 -7.831844687980729081e-01
2.999999999999991562e-02 -7.666026688290780156e-01
3.100000000000002753e-02 -7.492457397712772860e-01
3.199999999999991740e-02 -7.310779064359564927e-01
3.299999999999991829e-02 -7.121409065432819929e-01
3.400000000000003020e-02 -6.923274145271116620e-01
3.499999999999992006e-02 -6.717209058277782141e-01
3.600000000000003197e-02 -6.502438675364012877e-01
3.699999999999992184e-02 -6.279320748416947762e-01
3.799999999999992273e-02 -6.047557150863971387e-01
3.900000000000003464e-02 -5.807219433082508875e-01
3.999999999999992450e-02 -5.558474545953229207e-01
4.100000000000003642e-02 -5.300839524428491156e-01
4.199999999999992628e-02 -5.035190860631789667e-01
4.299999999999992717e-02 -4.760669950033986630e-01
4.400000000000003908e-02 -4.478290422981980878e-01
4.499999999999992895e-02 -4.186996911408708000e-01
4.600000000000004086e-02 -3.886205087231834887e-01
4.699999999999993072e-02 -3.577977986333877869e-01
4.799999999999993161e-02 -3.263156325649617662e-01
4.899999999999993250e-02 -2.941346578103199438e-01
4.999999999999993339e-02 -2.614259990221448615e-01
5.100000000000004530e-02 -2.281055845069582810e-01
5.199999999999993516e-02 -1.943689852963974285e-01
5.299999999999993605e-02 -1.601673086325530460e-01
5.399999999999993694e-02 -1.256537915737505340e-01
5.499999999999993783e-02 -9.083439665144234232e-02
5.600000000000004974e-02 -5.583779529437016970e-02
5.699999999999993960e-02 -2.070822948591053911e-02
5.799999999999994049e-02 1.446569755655461101e-02
5.899999999999994138e-02 4.958858532978761141e-02
5.999999999999994227e-02 8.462382389067102384e-02
6.100000000000005418e-02 1.194354675220911793e-01
6.199999999999994404e-02 1.540205349583219085e-01
6.299999999999994493e-02 1.882245966347472488e-01
6.399999999999994582e-02 2.220649438925790531e-01
6.499999999999994671e-02 2.553805883826037459e-01
6.600000000000005862e-02 2.882132678249877955e-01
6.699999999999994849e-02 3.204228627306008881e-01
6.799999999999994937e-02 3.520051993274264102e-01
6.899999999999995026e-02 3.828964785289242223e-01
6.999999999999995115e-02 4.130418450457326029e-01
7.100000000000006306e-02 4.424621677379347862e-01
7.199999999999995293e-02 4.709505467641341703e-01
7.299999999999995381e-02 4.984622631384379998e-01
7.399999999999995470e-02 5.251845403484504127e-01
7.499999999999995559e-02 5.509993202714144056e-01
7.600000000000006750e-02 5.759912708539537407e-01
7.699999999999995737e-02 6.001168656164661552e-01
7.799999999999984723e-02 6.233826633435491926e-01
7.899999999999995914e-02 6.458017816043979398e-01
7.999999999999996003e-02 6.673503702732032083e-01
8.099999999999996092e-02 6.880880546644884133e-01
8.199999999999996181e-02 7.079432844008252124e-01
8.299999999999985167e-02 7.270114599854514692e-01
8.399999999999996358e-02 7.452448811667481410e-01
8.499999999999996447e-02 7.626912481963342705e-01
8.599999999999996536e-02 7.793684486685666934e-01
8.699999999999996625e-02 7.952645575205409267e-01
8.799999999999985612e-02 8.104392000667803853e-01
8.899999999999996803e-02 8.248506385871186009e-01
8.999999999999996891e-02 8.385883110533408624e-01
9.099999999999996980e-02 8.516045172138283492e-01
9.199999999999997069e-02 8.639648449145569398e-01
9.299999999999986056e-02 8.756573690926219289e-01
9.399999999999997247e-02 8.867119024052851906e-01
9.499999999999997335e-02 8.971522949783560241e-01
9.599999999999997424e-02 9.069606592174773718e-01
9.699999999999997513e-02 9.162085455000774648e-01
9.799999999999986500e-02 9.248422910430852406e-01
9.899999999999997691e-02 9.329394087553811721e-01
9.999999999999997780e-02 9.404760485111558488e-01
1.009999999999999787e-01 9.474700979047664395e-01
1.019999999999999796e-01 9.539513695934745963e-01
1.029999999999998694e-01 9.598960134514709086e-01
1.039999999999999813e-01 9.653636547932790135e-01
1.049999999999999822e-01 9.703006308358276266e-01
1.059999999999999831e-01 9.747784919565450901e-01
1.069999999999999840e-01 9.787555004352648247e-01
1.079999999999998739e-01 9.822674314607009460e-01
1.089999999999999858e-01 9.853202475643059177e-01
1.099999999999998757e-01 9.878960611517225709e-01
1.109999999999999876e-01 9.900425724745698375e-01
1.119999999999999885e-01 9.916941936868717278e-01
1.129999999999998783e-01 9.929284376975088255e-01
1.139999999999999902e-01 9.936916417234100685e-01
1.149999999999998801e-01 9.940195809532895721e-01
1.159999999999999920e-01 9.939062928556948728e-01
1.169999999999999929e-01 9.933279273048165603e-01
1.179999999999998828e-01 9.923321845522735662e-01
1.189999999999999947e-01 9.908475142206375486e-01
1.199999999999998845e-01 9.889395041558843857e-01
1.209999999999999964e-01 9.865604541063953681e-01
1.219999999999999973e-01 9.837282516665275534e-01
1.229999999999998872e-01 9.804309717733761254e-01
1.239999999999999991e-01 9.766566893640363789e-01
1.249999999999998890e-01 9.724292545643178354e-01
1.260000000000000009e-01 9.676830795282445052e-01
1.270000000000000018e-01 9.624718270388876729e-01
1.279999999999998916e-01 9.567418343131760539e-01
1.290000000000000036e-01 9.505109889454667060e-01
1.299999999999998934e-01 9.437554408099503300e-01
1.310000000000000053e-01 9.364632648437221096e-01
1.320000000000000062e-01 9.286463861096867500e-01
1.329999999999998961e-01 9.202451792933207253e-01
1.340000000000000080e-01 9.113013821147906146e-01
1.349999999999998979e-01 9.017374816652158342e-01
1.360000000000000098e-01 8.915952156647626303e-01
1.370000000000000107e-01 8.808328463932647567e-01
1.379999999999999005e-01 8.694324862563650447e-01
1.390000000000000124e-01 8.574000977855158467e-01
1.399999999999999023e-01 8.446700931347412844e-01
1.410000000000000142e-01 8.313020976185649946e-01
1.419999999999999041e-01 8.171828231393920561e-01
1.429999999999999050e-01 8.023778575431985693e-01
1.440000000000000169e-01 7.868156504525561923e-01
1.449999999999999067e-01 7.705081269303695191e-01
1.460000000000000187e-01 7.534373993822817139e-01
1.469999999999999085e-01 7.355617300881261977e-01
1.479999999999999094e-01 7.169228567680694386e-01
1.490000000000000213e-01 6.974134538559690899e-01
1.499999999999999112e-01 6.771110342607057353e-01
1.510000000000000231e-01 6.559500101363034963e-01
1.519999999999999130e-01 6.339542316085717832e-01
1.529999999999999138e-01 6.111058110831534274e-01
1.540000000000000258e-01 5.873898422314177692e-01
1.549999999999999156e-01 5.628415039889336224e-01
1.560000000000000275e-01 5.374047485600487173e-01
1.569999999999999174e-01 5.111654363976770865e-01
1.579999999999999183e-01 4.840371107957594510e-01
1.590000000000000302e-01 4.561181535232597950e-01
1.599999999999999201e-01 4.273113753175047380e-01
1.610000000000000320e-01 3.975398595227589982e-01
1.619999999999999218e-01 3.670170647650166651e-01
1.629999999999999227e-01 3.358282552440464142e-01
1.640000000000000346e-01 3.039251344550842338e-01
1.649999999999999245e-01 2.714782307976674192e-01
1.660000000000000364e-01 2.384112238692058794e-01
1.669999999999999263e-01 2.048994120943987973e-01
1.679999999999999272e-01 1.709064240313867555e-01
1.690000000000000391e-01 1.365849004853500748e-01
1.699999999999999289e-01 1.019348414562886856e-01
1.710000000000000409e-01 6.708563387671868938e-02
1.719999999999999307e-01 3.208533575014608369e-02
1.729999999999999316e-01 -2.991628605840896196e-03
1.739999999999999325e-01 -3.803790977497405884e-02
1.749999999999999334e-01 -7.302133393753651447e-02
1.760000000000000453e-01 -1.078019724054044282e-01
1.769999999999999352e-01 -1.423822698164732836e-01
1.779999999999999361e-01 -1.766000453152390404e-01
1.789999999999999369e-01 -2.104803415338016015e-01
1.799999999999999378e-01 -2.438538225789141367e-01
1.810000000000000497e-01 -2.767646111833240163e-01
1.819999999999999396e-01 -3.090684140858843132e-01
1.829999999999999405e-01 -3.407598650082879210e-01
1.839999999999999414e-01 -3.717823199017374902e-01
1.849999999999999423e-01 -4.020678059076762123e-01
1.860000000000000542e-01 -4.316401731519133866e-01
1.869999999999999440e-01 -4.603014655902309960e-01
1.879999999999999449e-01 -4.879837103640721763e-01
1.889999999999999458e-01 -5.148830747582193723e-01
1.899999999999999467e-01 -5.408886556876587592e-01
1.910000000000000586e-01 -5.660660409983662156e-01
1.919999999999999485e-01 -5.903836292736444058e-01
1.929999999999999494e-01 -6.138426130197837116e-01
1.939999999999999503e-01 -6.364644573500125579e-01
1.949999999999999512e-01 -6.582038470252931095e-01
1.960000000000000631e-01 -6.791442574859581915e-01
1.969999999999999529e-01 -6.991962507602227372e-01
1.979999999999999538e-01 -7.184552273513242771e-01
1.989999999999999547e-01 -7.368854120705486954e-01
1.999999999999999556e-01 -7.545225801066099969e-01
2.010000000000000675e-01 -7.713846190538654612e-01
2.019999999999999574e-01 -7.874655663808626249e-01
2.029999999999998472e-01 -8.028310099335773664e-01
2.039999999999999591e-01 -8.174153618660338072e-01
2.049999999999999600e-01 -8.313319102758267576e-01
2.059999999999999609e-01 -8.445210298484324696e-01
2.069999999999999618e-01 -8.570423458983745801e-01
2.079999999999998517e-01 -8.689077834885579055e-01
2.089999999999999636e-01 -8.801173426189823346e-01
2.099999999999999645e-01 -8.907246860727190407e-01
2.109999999999999654e-01 -9.006880761296015558e-01
2.119999999999999662e-01 -9.100850256985105746e-01
2.129999999999998561e-01 -9.188737970592795179e-01
2.139999999999999680e-01 -9.271140155264319116e-01
2.149999999999999689e-01 -9.347997185685154031e-01
2.159999999999999698e-01 -9.419368687169824561e-01
2.169999999999999707e-01 -9.485612411605470751e-01
2.179999999999998606e-01 -9.546489857733999607e-01
2.189999999999999725e-01 -9.602537653386121752e-01
2.199999999999999734e-01 -9.653278796045648980e-01
2.209999999999999742e-01 -9.699428789486864710e-01
2.219999999999999751e-01 -9.740629881822626679e-01
2.229999999999998650e-01 -9.777120574311030099e-01
2.239999999999999769e-01 -9.809020117581119802e-01
2.249999999999999778e-01 -9.836090010374805015e-01
2.259999999999999787e-01 -9.858866880522795251e-01
2.269999999999999796e-01 -9.876814100194378776e-01
2.279999999999998694e-01 -9.890527922534791960e-01
2.289999999999999813e-01 -9.899590970342369012e-01
2.299999999999999822e-01 -9.904241744875204034e-01
2.309999999999999831e-01 -9.904480246133298138e-01
2.319999999999999840e-01 -9.900187223487604271e-01
2.329999999999998739e-01 -9.891660803510738953e-01
2.339999999999999858e-01 -9.878304733057466924e-01
2.349999999999998757e-01 -9.860715265273024555e-01
2.359999999999999876e-01 -9.838415397641222526e-01
2.369999999999999885e-01 -9.811643631420156053e-01
2.379999999999998783e-01 -9.780340341295300499e-01
2.389999999999999902e-01 -9.744207400694038235e-01
2.399999999999998801e-01 -9.703542936188988000e-01
2.409999999999999920e-01 -9.657810319949438060e-01
2.419999999999999929e-01 -9.607486554491575514e-01
2.429999999999998828e-01 -9.551975386670165102e-01
2.439999999999999947e-01 -9.491515317743300928e-01
2.449999999999998845e-01 -9.425867846452889998e-01
2.459999999999999964e-01 -9.354913722169884149e-01
2.469999999999999973e-01 -9.278772195523331545e-01
2.479999999999998872e-01 -9.196787388053472290e-01
2.489999999999999991e-01 -9.109495927591018116e-01
2.499999999999998890e-01 -9.016122685047163188e-01
2.510000000000000009e-01 -8.916965786994526244e-01
2.520000000000000018e-01 -8.811667481545965019e-01
2.529999999999998916e-01 -8.700108518072432462e-01
2.540000000000000036e-01 -8.582288896573929682e-01
2.549999999999998934e-01 -8.457612363905219199e-01
2.560000000000000053e-01 -8.326555922582491442e-01
2.570000000000000062e-01 -8.188165567573368886e-01
2.579999999999998961e-01 -8.042918301394039737e-01
2.590000000000000080e-01 -7.890277496213792263e-01
2.599999999999998979e-01 -7.730243152032627574e-01
2.610000000000000098e-01 -7.562576767592449345e-01
2.620000000000000107e-01 -7.386980216320641057e-01
2.629999999999999005e-01 -7.203811250104343866e-01
2.640000000000000124e-01 -7.012056238596658941e-01
2.649999999999999023e-01 -6.812490310886389899e-01
2.660000000000000142e-01 -6.604338337884732013e-01
2.669999999999999041e-01 -6.387898446164304023e-01
2.679999999999999050e-01 -6.162991759781533130e-01
2.690000000000000169e-01 -5.929451327855754794e-01
2.699999999999999067e-01 -5.687670677462823843e-01
2.710000000000000187e-01 -5.436928342297004946e-01
2.719999999999999085e-01 -5.178202177516486593e-01
2.729999999999999094e-01 -4.910657428717936646e-01
2.740000000000000213e-01 -4.635105000178876833e-01
2.749999999999999112e-01 -4.350769762810499097e-01
2.760000000000000231e-01 -4.056697711580428689e-01
2.769999999999999130e-01 -3.754945919839727253e-01
2.779999999999999138e-01 -3.446581680718365792e-01
2.790000000000000258e-01 -3.130883527910610087e-01
2.799999999999999156e-01 -2.809628295789260433e-01
2.810000000000000275e-01 -2.482005080076797598e-01
2.819999999999999174e-01 -2.149838415397641034e-01
2.829999999999999183e-01 -1.812651299235603641e-01
2.840000000000000302e-01 -1.471964177111034222e-01
2.849999999999999201e-01 -1.127848599401361923e-01
2.860000000000000320e-01 -7.814374470825334595e-02
2.869999999999999218e-01 -4.333645372479339591e-02
2.879999999999999227e-01 -8.423089306796093662e-03
2.890000000000000346e-01 2.647733641794960263e-02
2.899999999999999245e-01 6.134490859439283017e-02
2.910000000000000364e-01 9.602299152128028481e-02
2.919999999999999263e-01 1.305377010863732201e-01
2.929999999999999272e-01 1.647036025615035149e-01
2.940000000000000391e-01 1.985582598948209543e-01
2.949999999999999289e-01 2.319239896490453978e-01
2.960000000000000409e-01 2.648526658478123630e-01
2.969999999999999307e-01 2.971910514327962827e-01
2.979999999999999316e-01 3.289367613914163657e-01
2.989999999999999325e-01 3.600295741560036733e-01
2.999999999999999334e-01 3.903967468428396481e-01
3.010000000000000453e-01 4.200686883623310774e-01
3.019999999999999352e-01 4.488492314296957941e-01
3.029999999999999361e-01 4.766531118451649562e-01
3.039999999999999369e-01 5.036770931466663104e-01
3.049999999999999378e-01 5.298221973120907924e-01
3.060000000000000497e-01 5.551426833776548220e-01
3.069999999999999396e-01 5.796141049644036869e-01
3.079999999999999405e-01 6.032233445031423003e-01
3.089999999999999414e-01 6.260061771825846666e-01
3.099999999999999423e-01 6.479005926756263856e-01
3.110000000000000542e-01 6.689960289540527461e-01
3.119999999999999440e-01 6.892149731089831644e-01
3.129999999999999449e-01 7.086349380492982242e-01
3.139999999999999458e-01 7.272261111177361625e-01
3.149999999999999467e-01 7.450242675030110950e-01
3.160000000000000586e-01 7.620472947994800794e-01
3.169999999999999485e-01 7.782892304756907631e-01
3.179999999999999494e-01 7.938037373147143194e-01
3.189999999999999503e-01 8.085490775963842802e-01
3.199999999999999512e-01 8.226087267610336928e-01
3.210000000000000631e-01 8.359469096199482196e-01
3.219999999999999529e-01 8.486232514876516086e-01
3.229999999999999538e-01 8.606317898326913962e-01
3.239999999999999547e-01 8.719844497179722875e-01
3.249999999999999556e-01 8.827348939265654559e-01
3.260000000000000675e-01 8.928354222068521917e-01
3.269999999999999574e-01 9.023695099991652091e-01
3.279999999999998472e-01 9.112954195833382620e-01
3.289999999999999591e-01 9.196727762738948764e-01
3.299999999999998490e-01 9.274896550079301250e-01
3.309999999999999609e-01 9.347579808483489350e-01
3.319999999999998508e-01 9.415135289838654220e-01
3.329999999999999627e-01 9.477264867572176010e-01
3.340000000000000746e-01 9.534624420143816836e-01
3.349999999999999645e-01 9.586677319722861634e-01
3.360000000000000764e-01 9.634079444769071410e-01
3.369999999999999662e-01 9.676592294024350949e-01
3.379999999999998561e-01 9.714335118117748413e-01
3.389999999999999680e-01 9.747546418307356797e-01
3.399999999999998579e-01 9.775987693335081996e-01
3.409999999999999698e-01 9.800076320402589802e-01
3.419999999999998597e-01 9.819335296993692008e-01
3.429999999999999716e-01 9.834360876253622763e-01
3.440000000000000835e-01 9.844795306295240911e-01
3.449999999999999734e-01 9.850817463062118140e-01
3.460000000000000853e-01 9.852486971868776866e-01
3.469999999999999751e-01 9.849565331457122985e-01
3.479999999999998650e-01 9.842529544343346926e-01
3.489999999999999769e-01 9.830604481438639519e-01
3.499999999999998668e-01 9.814565271831808824e-01
3.509999999999999787e-01 9.793815662377619580e-01
3.519999999999998685e-01 9.768653779648687197e-01
3.529999999999999805e-01 9.738900747701444427e-01
3.540000000000000924e-01 9.704437315906841999e-01
3.549999999999999822e-01 9.665561610837497541e-01
3.560000000000000941e-01 9.621558128719128744e-01
3.569999999999999840e-01 9.573023122696971976e-01
3.579999999999998739e-01 9.519360339625791978e-01
3.589999999999999858e-01 9.460808280763680633e-01
3.599999999999998757e-01 9.397188070167070695e-01
3.609999999999999876e-01 9.328201581263341202e-01
3.619999999999998774e-01 9.254206565939635531e-01
3.629999999999999893e-01 9.174368269792623209e-01
3.639999999999998792e-01 9.089282945967539495e-01
3.649999999999999911e-01 8.998235090690103188e-01
3.660000000000001030e-01 8.901522830532930808e-01
3.669999999999999929e-01 8.798728788294358782e-01
3.679999999999998828e-01 8.689674088030814314e-01
3.689999999999999947e-01 8.574537605685870201e-01
3.699999999999998845e-01 8.452603837485243021e-01
3.709999999999999964e-01 8.324290160630597457e-01
3.719999999999998863e-01 8.188821446033127671e-01
3.729999999999999982e-01 8.046615070894499455e-01
3.739999999999998881e-01 7.897015156754951803e-01
3.750000000000000000e-01 7.740140954243535099e-01
3.760000000000001119e-01 7.575813587416673212e-01
3.770000000000000018e-01 7.403496428443659960e-01
3.779999999999998916e-01 7.223726105155204857e-01
3.790000000000000036e-01 7.035548612518931488e-01
3.799999999999998934e-01 6.839500578365550476e-01
3.810000000000000053e-01 6.634985749549828782e-01
3.819999999999998952e-01 6.422242627329859399e-01
3.830000000000000071e-01 6.201092335762070640e-01
3.839999999999998970e-01 5.971355998902894147e-01
3.850000000000000089e-01 5.733397331170921873e-01
3.860000000000001208e-01 5.486488903728967692e-01
3.870000000000000107e-01 5.231566834015050071e-01
3.879999999999999005e-01 4.967850030408910711e-01
3.890000000000000124e-01 4.696042071621927549e-01
3.899999999999999023e-01 4.415504966788699748e-01
3.910000000000000142e-01 4.125129685059088502e-01
3.919999999999999041e-01 3.826937524595442341e-01
3.929999999999997939e-01 3.522019628653541568e-01
3.939999999999999059e-01 3.209606830676031697e-01
3.950000000000000178e-01 2.891470002504263337e-01
3.959999999999999076e-01 2.566756502140548624e-01
3.970000000000000195e-01 2.237267014083499650e-01
3.979999999999999094e-01 1.902548385942736120e-01
3.990000000000000213e-01 1.564085288049894273e-01
3.999999999999999112e-01 1.221895607999332334e-01
4.010000000000000231e-01 8.770466389210203328e-02
4.019999999999999130e-01 5.303075473723124073e-02
4.029999999999998028e-01 1.821827635140775559e-02
4.039999999999999147e-01 -1.661966204371728012e-02
4.050000000000000266e-01 -5.145789856541492513e-02
4.059999999999999165e-01 -8.614665442360208703e-02
4.070000000000000284e-01 -1.206989279368448770e-01
4.079999999999999183e-01 -1.549441310802914529e-01
4.090000000000000302e-01 -1.889037289671703090e-01
4.099999999999999201e-01 -2.224119632231059962e-01
4.110000000000000320e-01 -2.555058015431031504e-01
4.119999999999999218e-01 -2.880487019569028528e-01
4.129999999999998117e-01 -3.200132368198242427e-01
4.139999999999999236e-01 -3.513570721585556611e-01
4.150000000000000355e-01 -3.819979250390545533e-01
4.159999999999999254e-01 -4.119608380934209890e-01
4.170000000000000373e-01 -4.410687241375197964e-01
4.179999999999999272e-01 -4.691939849982708077e-01
4.190000000000000391e-01 -4.965447130233612283e-01
4.199999999999999289e-01 -5.230433953039101969e-01
4.210000000000000409e-01 -5.487192482440345076e-01
4.219999999999999307e-01 -5.735627317934102187e-01
4.229999999999998206e-01 -5.975529770919542072e-01
4.239999999999999325e-01 -6.207174117843471395e-01
4.249999999999998224e-01 -6.430053543532442406e-01
4.259999999999999343e-01 -6.644943177075258722e-01
4.270000000000000462e-01 -6.851127514697640253e-01
4.279999999999999361e-01 -7.049381685488390614e-01
4.290000000000000480e-01 -7.239347937560370871e-01
4.299999999999999378e-01 -7.421384022800719960e-01
4.310000000000000497e-01 -7.595728442467534203e-01
4.319999999999999396e-01 -7.762142695302717277e-01
4.329999999999998295e-01 -7.921461535709600765e-01
4.339999999999999414e-01 -8.072969459913901247e-01
4.349999999999998312e-01 -8.217680098262518662e-01
4.359999999999999432e-01 -8.355235698868311855e-01
4.370000000000000551e-01 -8.486113264247469035e-01
4.379999999999999449e-01 -8.610432045029037251e-01
4.390000000000000568e-01 -8.728132415898494090e-01
4.399999999999999467e-01 -8.839870255315597225e-01
4.410000000000000586e-01 -8.945168560764158450e-01
4.419999999999999485e-01 -9.044921711962030653e-01
4.429999999999998384e-01 -9.138652706393026737e-01
4.439999999999999503e-01 -9.226957797202379741e-01
4.449999999999998401e-01 -9.309777359075569469e-01
4.459999999999999520e-01 -9.387230642641639644e-01
4.470000000000000639e-01 -9.459675399787733641e-01
4.479999999999999538e-01 -9.526873129255757355e-01
4.490000000000000657e-01 -9.589360458876420301e-01
4.499999999999999556e-01 -9.646898887391630595e-01
4.510000000000000675e-01 -9.699846166688529392e-01
4.519999999999999574e-01 -9.748202296767115582e-01
4.529999999999998472e-01 -9.791967277627389166e-01
4.539999999999999591e-01 -9.831498861156492408e-01
4.549999999999998490e-01 -9.866558546096331206e-01
4.559999999999999609e-01 -9.897563709648568020e-01
4.569999999999998508e-01 -9.924096974611541500e-01
4.579999999999999627e-01 -9.946754594130483573e-01
4.590000000000000746e-01 -9.965298066947303468e-01
4.599999999999999645e-01 -9.979787018376522489e-01
4.610000000000000764e-01 -9.990459949676234741e-01
4.619999999999999662e-01 -9.997078359588347229e-01
4.629999999999998561e-01 -1.000000000000000000e+00
4.639999999999999680e-01 -9.998807493709529481e-01
4.649999999999998579e-01 -9.993977843233122771e-01
4.659999999999999698e-01 -9.985272547312686875e-01
4.669999999999998597e-01 -9.972751231262745319e-01
4.679999999999999716e-01 -9.956592771026867572e-01
4.690000000000000835e-01 -9.936499040032436003e-01
4.699999999999999734e-01 -9.912827790166592878e-01
4.710000000000000853e-01 -9.885161644227673516e-01
4.719999999999999751e-01 -9.853917979417341488e-01
4.729999999999998650e-01 -9.818798669162980275e-01
4.739999999999999769e-01 -9.779922964093635818e-01
4.749999999999998668e-01 -9.737290864209309227e-01
4.759999999999999787e-01 -9.690723493566428814e-01
4.769999999999998685e-01 -9.640578604052136846e-01
4.779999999999999805e-01 -9.586319567835720479e-01
4.790000000000000924e-01 -9.528363762118845504e-01
4.799999999999999822e-01 -9.466413060328893181e-01
4.810000000000000941e-01 -9.400586713094911673e-01
4.819999999999999840e-01 -9.330825095102376343e-01
4.829999999999998739e-01 -9.257068581036764776e-01
4.839999999999999858e-01 -9.179496046841647550e-01
4.849999999999998757e-01 -9.097630490000835346e-01
4.859999999999999876e-01 -9.012008538345039899e-01
4.869999999999998774e-01 -8.922153189358074110e-01
4.879999999999999893e-01 -8.828422194927078026e-01
4.889999999999998792e-01 -8.730517428479435127e-01
4.899999999999999911e-01 -8.628617765958715990e-01
4.910000000000001030e-01 -8.522782832679441922e-01
4.919999999999999929e-01 -8.412714502068998623e-01
4.929999999999998828e-01 -8.298830151329048554e-01
4.939999999999999947e-01 -8.180831653886974086e-01
4.949999999999998845e-01 -8.059017136315393959e-01
4.959999999999999964e-01 -7.933267347985261120e-01
4.969999999999998863e-01 -7.803761164840145037e-01
4.979999999999999982e-01 -7.670617837509093873e-01
4.989999999999998881e-01 -7.533777740677580770e-01
5.000000000000000000e-01 -7.393598626232753546e-01
5.010000000000001119e-01 -7.249901618231036071e-01
5.020000000000000018e-01 -7.103223344503142300e-01
5.029999999999998916e-01 -6.953384929105500545e-01
5.040000000000000036e-01 -6.800684498610730655e-01
5.049999999999998934e-01 -6.645002802389782248e-01
5.060000000000000053e-01 -6.485683961982899870e-01
5.069999999999998952e-01 -6.324039734309598870e-01
5.080000000000000071e-01 -6.160785623144162670e-01
5.089999999999998970e-01 -5.995802377857543108e-01
5.100000000000000089e-01 -5.829698176657881481e-01
5.110000000000001208e-01 -5.662502832202440661e-01
5.120000000000000107e-01 -5.494824522699356395e-01
5.129999999999999005e-01 -5.326800386372038121e-01
5.140000000000000124e-01 -5.158835875359242262e-01
5.149999999999999023e-01 -4.991324516736825867e-01
5.160000000000000142e-01 -4.824409411259644731e-01
5.169999999999999041e-01 -4.658823950296338001e-01
5.179999999999997939e-01 -4.494448883217859736e-01
5.189999999999999059e-01 -4.332965643893771368e-01
5.200000000000000178e-01 -4.173795866773197805e-01
5.209999999999999076e-01 -4.016885889073065208e-01
5.220000000000000195e-01 -3.862587500149063935e-01
5.229999999999999094e-01 -3.711013988098787464e-01
5.240000000000000213e-01 -3.562493292152116298e-01
5.249999999999999112e-01 -3.417162550532454324e-01
5.260000000000000231e-01 -3.275266227029347554e-01
5.269999999999999130e-01 -3.136846059362962680e-01
5.279999999999998028e-01 -3.002253836888989502e-01
5.289999999999999147e-01 -2.871239133286428435e-01
5.300000000000000266e-01 -2.744433976889227855e-01
5.309999999999999165e-01 -2.621325589992486993e-01
5.320000000000000284e-01 -2.502373087518036665e-01
5.329999999999999183e-01 -2.387504919088448418e-01
5.340000000000000302e-01 -2.276381220410937656e-01
5.349999999999999201e-01 -2.169687682602526035e-01
5.360000000000000320e-01 -2.066869790238143600e-01
5.369999999999999218e-01 -1.967784442562934555e-01
5.379999999999998117e-01 -1.872944417281801055e-01
5.389999999999999236e-01 -1.781956187318888274e-01
5.400000000000000355e-01 -1.694479888381411059e-01
5.409999999999999254e-01 -1.610730171601655047e-01
5.420000000000000373e-01 -1.530981313426428292e-01
5.429999999999999272e-01 -1.454470109829829327e-01
5.440000000000000391e-01 -1.381190598280405968e-01
5.449999999999999289e-01 -1.311423017756418730e-01
5.460000000000000409e-01 -1.245107742943344087e-01
5.469999999999999307e-01 -1.181600820444328043e-01
5.479999999999998206e-01 -1.120926100385179480e-01
5.489999999999999325e-01 -1.063161095674779733e-01
5.499999999999998224e-01 -1.008651633137364750e-01
5.509999999999999343e-01 -9.565331457123435466e-02
5.520000000000000462e-01 -9.067698582110021721e-02
5.529999999999999361e-01 -8.593796582276971852e-02
5.540000000000000480e-01 -8.145712343632612040e-02
5.549999999999999378e-01 -7.722134109257426660e-02
5.560000000000000497e-01 -7.317576350215247716e-02
5.569999999999999396e-01 -6.932039066506075209e-02
5.579999999999998295e-01 -6.565522258129911914e-02
5.589999999999999414e-01 -6.218383676973896629e-02
5.599999999999998312e-01 -5.893050073339136524e-02
5.609999999999999432e-01 -5.582253121385215289e-02
5.620000000000000551e-01 -5.286004746175035351e-02
5.629999999999999449e-01 -5.004394385680385748e-02
5.640000000000000568e-01 -4.737356452055284384e-02
5.649999999999999467e-01 -4.485773399954685187e-02
5.660000000000000586e-01 -4.249502128623727781e-02
5.669999999999999485e-01 -4.023879938466675549e-02
5.679999999999998384e-01 -3.808984342392406075e-02
5.689999999999999503e-01 -3.604743790023492295e-02
5.699999999999998401e-01 -3.411217906674458150e-02
5.709999999999999520e-01 -3.228341104499326403e-02
5.720000000000000639e-01 -3.057609978892638497e-02
5.729999999999999538e-01 -2.895417198325720906e-02
5.740000000000000657e-01 -2.740719319794412273e-02
5.749999999999999556e-01 -2.593438830389830155e-02
5.760000000000000675e-01 -2.453647280489404392e-02
5.769999999999999574e-01 -2.321302932372968503e-02
5.779999999999998472e-01 -2.196429636166330815e-02
5.789999999999999591e-01 -2.079766745769583841e-02
5.799999999999998490e-01 -1.969591089592997654e-02
5.809999999999999609e-01 -1.864346446927507561e-02
5.819999999999998508e-01 -1.764086480556184902e-02
5.829999999999999627e-01 -1.668787340353220308e-02
5.840000000000000746e-01 -1.578449026318614126e-02
5.849999999999999645e-01 -1.493089426046722255e-02
5.860000000000000764e-01 -1.412678726880284459e-02
5.869999999999999662e-01 -1.337658156146773712e-02
5.879999999999998561e-01 -1.266882907807338580e-02
5.889999999999999680e-01 -1.199232025948936652e-02
5.899999999999998579e-01 -1.134723398165925386e-02
5.909999999999999698e-01 -1.073345099395399231e-02
5.919999999999998597e-01 -1.015097129637358882e-02
5.929999999999999716e-01 -9.600093015490656148e-03
5.940000000000000835e-01 -9.080458399418057241e-03
5.949999999999999734e-01 -8.592186698784835472e-03
5.960000000000000853e-01 -8.137722551486458941e-03
5.969999999999999751e-01 -7.707764408457253892e-03
5.979999999999998650e-01 -7.296588239502963154e-03
5.989999999999999769e-01 -6.904134419309062437e-03
5.999999999999998668e-01 -6.530581823819120273e-03
6.009999999999999787e-01 -6.175632326460522153e-03
6.019999999999998685e-01 -5.839494615834098755e-03
6.029999999999999805e-01 -5.522192542065659272e-03
6.040000000000000924e-01 -5.223630704651966924e-03
6.049999999999999822e-01 -4.943868728907545133e-03
6.060000000000000941e-01 -4.683967945430912196e-03
6.069999999999999840e-01 -4.437137030897838827e-03
6.079999999999998739e-01 -4.200979047664476183e-03
6.089999999999997637e-01 -3.975374745101780023e-03
6.100000000000000977e-01 -3.760371823461369171e-03
6.109999999999999876e-01 -3.555988170337598571e-03
6.119999999999998774e-01 -3.362199935604660329e-03
6.129999999999999893e-01 -3.179001156731101931e-03
6.139999999999998792e-01 -3.006373946122565394e-03
6.149999999999999911e-01 -2.844336191373409567e-03
6.160000000000001030e-01 -2.692923667672346942e-03
6.169999999999999929e-01 -2.552374876277472508e-03
6.179999999999998828e-01 -2.418820134276208553e-03
6.189999999999997726e-01 -2.290882096903061257e-03
6.200000000000001066e-01 -2.168530951500768911e-03
6.209999999999999964e-01 -2.051814398320951204e-03
6.219999999999998863e-01 -1.940690699643440962e-03
6.229999999999999982e-01 -1.835195630656951543e-03
6.239999999999998881e-01 -1.735311303767127352e-03
6.250000000000000000e-01 -1.641025793911062925e-03
6.260000000000001119e-01 -1.552351026151662858e-03
6.270000000000000018e-01 -1.469304888083284698e-03
6.279999999999998916e-01 -1.391869492111570900e-03
6.289999999999997815e-01 -1.320104463551045101e-03
6.300000000000001155e-01 -1.252274705749072733e-03
6.310000000000000053e-01 -1.187235412666801798e-03
6.319999999999998952e-01 -1.124980621772779781e-03
6.330000000000000071e-01 -1.065534183192816528e-03
6.339999999999998970e-01 -1.008854359206744862e-03
6.350000000000000089e-01 -9.549709624718269278e-04
6.360000000000001208e-01 -9.038839929880631598e-04
6.370000000000000107e-01 -8.555815256925479841e-04
6.379999999999999005e-01 -8.100814481796391646e-04
6.389999999999997904e-01 -7.673599103235269640e-04
6.400000000000001243e-01 -7.274288371871161967e-04
6.410000000000000142e-01 -6.902941913018591615e-04
6.419999999999999041e-01 -6.559440476048510439e-04
6.429999999999997939e-01 -6.240802795234745180e-04
6.439999999999999059e-01 -5.936397676997745999e-04
6.450000000000000178e-01 -5.645289003899494609e-04
6.459999999999999076e-01 -5.367619876694849001e-04
6.470000000000000195e-01 -5.103193531845880929e-04
6.479999999999999094e-01 -4.852206732890515929e-04
6.489999999999997993e-01 -4.614576004388422793e-04
6.500000000000001332e-01 -4.390277496213791674e-04
6.510000000000000231e-01 -4.179364871149695540e-04
6.519999999999999130e-01 -3.981784466413060882e-04
6.529999999999998028e-01 -3.797619757444220534e-04
6.539999999999999147e-01 -3.626763418677033985e-04
6.550000000000000266e-01 -3.469269112894570405e-04
6.559999999999999165e-01 -3.325154727691188535e-04
6.570000000000000284e-01 -3.194402375472530720e-04
6.579999999999999183e-01 -3.074871507447202060e-04
6.589999999999998082e-01 -2.962275063500960023e-04
6.600000000000001421e-01 -2.856958870458041412e-04
6.610000000000000320e-01 -2.758916965786994578e-04
6.619999999999999218e-01 -2.668131461893461323e-04
6.629999999999998117e-01 -2.584638133966156415e-04
6.639999999999999236e-01 -2.508395244284913439e-04
6.650000000000000355e-01 -2.439432605506994158e-04
6.659999999999999254e-01 -2.377738292569493380e-04
6.670000000000000373e-01 -2.323306342940958914e-04
6.679999999999999272e-01 -2.276160606747200605e-04
6.689999999999998170e-01 -2.236265308799503955e-04
6.700000000000001510e-01 -2.203650261755130731e-04
6.710000000000000409e-01 -2.178309503082628471e-04
6.719999999999999307e-01 -2.160237070250545254e-04
6.729999999999998206e-01 -2.149432963258881082e-04
6.739999999999999325e-01 -2.145903144639087603e-04
